#variable window number val1 val2 val3
observed 11 4.52 28.95
observed 21 3.38 123.97
observed 12 1.18 140.5
observed 22 .96 40.58
start_params 11 89.6752 -44.79357 90.326 -45.20793 45 45.7 87 0
start_params 21 90.326 45.20793 89.6752 44.79357 45 45.7 87 0
start_params 12 22.4797 44.94825 22.5203 45.05184 45 45.7 87 0
start_params 22 22.5203 -45.05184 22.4797 -44.94825 45 45.7 87 0
param_ranges 11 (0,1) (0,1) (0,1) (0,1) (-1,1) (0,1) (0,1) (-2,2)
param_ranges 21 (0,1) (0,1) (0,1) (0,1) (-1,1) (0,1) (0,1) (-2,2)
param_ranges 12 (0,1) (0,1) (0,1) (0,1) (-1,1) (0,1) (0,1) (-2,2)
param_ranges 22 (0,1) (0,1) (0,1) (0,1) (-1,1) (0,1) (0,1) (-2,2)
param_steps 11 1 1 1 1 10 1 1 50
param_steps 21 1 1 1 1 10 1 1 50
param_steps 12 1 1 1 1 10 1 1 50
param_steps 22 1 1 1 1 10 1 1 50
